View Node9 []
time       n_sent     n_recv     avgRecv    avgByzRecv pByzRecv   avgByzN    n_isolated avgByzSamp min        max        n_fullbyz  n_fbi      cluscoeff  MPL        id_min     id_d1      id_q1      id_med     id_q3      id_d9      id_max    
0          1000       0          0.00       0.00       NaN        50.08      0          49.77      30         67         0          0          0.2887     2.0589     15         25         28         32         35         38         52        
1          3500       1000       0.00       0.00       NaN        50.08      0          49.81      29         67         0          0          0.2887     2.0551     15         25         28         32         35         38         53        
2          4000       3500       1.03       0.50       0.4844     50.08      0          49.85      29         68         0          0          0.2888     2.0469     15         25         28         31         35         39         54        
3          4000       4000       100.96     75.48      0.7476     63.49      0          59.75      30         87         0          0          0.4075     2.1601     12         22         25         29         32         36         50        
4          4000       4000       100.82     78.74      0.7810     68.84      0          64.66      33         92         0          0          0.4689     2.1409     13         21         24         28         32         36         48        
5          4000       4000       100.81     88.95      0.8824     70.80      0          67.27      35         93         0          0          0.5015     2.1522     13         20         23         27         31         35         43        
6          4000       4000       100.80     91.79      0.9106     73.85      0          70.33      40         93         0          0          0.5429     2.1583     9          18         21         25         29         33         44        
7          4000       4000       100.75     92.78      0.9209     76.46      0          72.63      40         94         0          0          0.5741     2.2614     8          17         20         24         28         31         41        
8          4000       4000       100.73     94.51      0.9382     78.23      0          74.32      44         95         0          0          0.5965     2.3266     8          15         19         22         26         30         40        
9          4000       4000       100.73     95.19      0.9450     79.78      0          75.73      49         95         0          0          0.6162     2.3351     7          15         18         21         25         29         38        
10         4000       4000       100.70     96.11      0.9544     80.83      0          76.66      50         96         0          0          0.6292     2.3954     7          14         17         21         24         28         37        
11         4000       4000       100.69     96.71      0.9604     82.19      0          77.49      50         97         0          0          0.6419     2.4368     5          13         16         20         24         28         36        
12         4000       4000       100.70     96.70      0.9603     82.70      0          78.05      51         97         0          0          0.6505     2.4308     5          13         16         19         23         27         35        
13         4000       4000       100.66     97.90      0.9726     83.28      0          78.62      53         97         0          0          0.6579     2.4328     6          13         15         19         23         27         35        
14         4000       4000       100.71     97.33      0.9664     83.72      1          78.96      53         97         0          0          0.6632     2.4636     6          12         15         19         23         27         36        
15         4000       4000       100.70     97.36      0.9669     83.84      0          79.15      54         97         0          0          0.6667     2.4784     5          12         15         18         22         26         35        
16         4000       4000       100.68     97.82      0.9716     83.96      0          79.36      53         97         0          0          0.6701     2.5010     4          12         15         18         22         26         35        
17         4000       4000       100.59     98.04      0.9747     84.08      0          79.56      54         97         0          0          0.6733     2.4771     4          12         15         18         22         26         34        
18         4000       4000       100.67     98.14      0.9749     84.18      0          79.73      56         97         0          0          0.6754     2.4559     3          12         14         18         22         26         34        
19         4000       4000       100.66     97.47      0.9683     84.22      0          79.85      56         97         0          0          0.6774     2.4908     3          12         14         17         22         26         34        
20         4000       4000       100.70     97.35      0.9668     84.23      0          79.92      57         97         0          0          0.6787     2.4608     3          12         14         17         21         26         34        
21         4000       4000       100.64     97.93      0.9730     84.26      0          79.93      57         97         0          0          0.6791     2.5223     3          12         14         18         21         26         34        
22         4000       4000       100.65     97.54      0.9691     84.21      0          79.89      57         97         0          0          0.6784     2.5109     3          12         14         18         22         26         34        
23         4000       4000       100.67     98.10      0.9745     84.14      0          79.99      56         97         0          0          0.6797     2.4394     3          11         14         18         21         26         35        
24         4000       4000       100.64     97.98      0.9736     83.90      1          79.99      55         98         0          0          0.6800     2.4962     3          11         14         18         21         26         36        
25         4000       4000       100.69     97.92      0.9725     84.11      1          80.02      55         98         0          0          0.6806     2.5401     3          11         14         18         21         26         36        
26         4000       4000       100.67     97.31      0.9666     84.03      0          79.95      56         98         0          0          0.6792     2.5107     3          12         14         18         22         26         37        
27         4000       4000       100.66     97.66      0.9702     83.92      0          79.89      55         98         0          0          0.6791     2.4599     3          12         14         18         22         26         37        
28         4000       4000       100.65     97.87      0.9724     83.82      1          79.91      55         98         0          0          0.6794     2.4859     3          11         14         18         22         26         36        
29         4000       4000       100.69     98.30      0.9763     83.81      0          79.86      55         97         0          0          0.6793     2.4686     3          11         14         18         22         26         35        
30         4000       4000       100.68     97.19      0.9653     83.43      0          79.82      55         97         0          0          0.6783     2.4447     3          11         14         18         22         26         38        
31         4000       4000       100.70     97.80      0.9712     83.22      0          79.80      58         97         0          0          0.6777     2.4759     3          11         14         18         22         26         38        
32         4000       4000       100.67     97.81      0.9716     83.19      0          79.75      57         97         0          0          0.6773     2.5134     3          11         14         18         22         26         38        
33         4000       4000       100.69     97.35      0.9669     83.26      0          79.72      57         98         0          0          0.6768     2.4966     3          11         14         18         22         26         38        
34         4000       4000       100.66     97.63      0.9699     83.04      0          79.70      58         98         0          0          0.6766     2.4927     3          11         14         18         22         26         38        
35         4000       4000       100.67     97.95      0.9730     82.77      0          79.68      57         98         0          0          0.6762     2.4719     3          11         14         18         22         26         37        
36         4000       4000       100.67     96.87      0.9622     82.77      0          79.69      57         98         0          0          0.6764     2.4558     3          11         14         18         22         26         37        
37         4000       4000       100.70     97.45      0.9677     82.36      0          79.59      59         98         0          0          0.6746     2.4837     4          11         14         18         23         26         36        
38         4000       4000       100.71     96.89      0.9621     82.14      0          79.55      58         98         0          0          0.6744     2.4993     4          11         14         18         22         27         36        
39         4000       4000       100.70     96.56      0.9588     82.18      0          79.53      58         98         0          0          0.6743     2.4766     4          11         14         18         23         27         38        
40         4000       4000       100.67     97.74      0.9709     81.99      0          79.51      58         98         0          0          0.6741     2.3982     4          11         14         18         23         27         39        
41         4000       4000       100.68     97.08      0.9643     82.01      0          79.54      59         98         0          0          0.6746     2.4537     4          11         14         18         23         27         40        
42         4000       4000       100.65     97.17      0.9655     81.84      0          79.44      58         98         0          0          0.6733     2.4572     4          11         14         18         23         27         42        
43         4000       4000       100.69     97.43      0.9676     81.87      0          79.39      56         98         0          0          0.6727     2.4877     4          11         14         18         23         27         41        
44         4000       4000       100.65     97.47      0.9684     81.41      0          79.30      56         98         0          0          0.6717     2.4689     4          11         14         18         23         28         42        
45         4000       4000       100.71     97.15      0.9647     81.27      0          79.27      56         98         0          0          0.6714     2.4552     4          11         14         18         23         28         43        
46         4000       4000       100.67     96.98      0.9633     81.27      0          79.30      56         98         0          0          0.6716     2.4845     4          11         14         18         23         27         42        
47         4000       4000       100.73     96.78      0.9608     81.13      0          79.19      56         98         0          0          0.6698     2.4561     4          11         14         18         23         27         45        
48         4000       4000       100.68     97.02      0.9637     80.70      0          79.12      54         98         0          0          0.6681     2.4123     4          11         14         18         23         27         45        
49         4000       4000       100.72     97.13      0.9644     80.70      0          79.02      54         98         0          0          0.6668     2.4185     4          11         14         18         23         28         45        
50         4000       4000       100.70     96.52      0.9585     80.64      0          79.03      54         98         0          0          0.6667     2.4506     3          11         14         18         23         28         46        
51         4000       4000       100.73     96.23      0.9553     80.54      0          78.96      54         98         0          0          0.6660     2.4511     3          11         14         18         23         28         44        
52         4000       4000       100.69     96.98      0.9631     80.00      0          78.85      56         98         0          0          0.6649     2.4565     3          11         14         18         24         28         45        
53         4000       4000       100.67     96.69      0.9605     79.92      0          78.80      57         98         0          0          0.6643     2.4881     3          11         14         18         24         27         45        
54         4000       4000       100.70     96.01      0.9535     79.56      1          78.78      58         98         0          0          0.6637     2.4427     3          11         14         18         24         28         43        
55         4000       4000       100.73     96.29      0.9559     79.49      0          78.61      58         98         0          0          0.6612     2.4316     3          12         14         19         24         28         43        
56         4000       4000       100.72     95.77      0.9509     79.19      0          78.56      57         98         0          0          0.6605     2.4262     3          11         14         19         24         28         43        
57         4000       4000       100.72     95.15      0.9447     78.90      0          78.45      57         98         0          0          0.6588     2.4262     3          11         14         19         24         28         44        
58         4000       4000       100.69     95.93      0.9527     78.63      0          78.31      57         98         0          0          0.6572     2.4623     3          11         14         19         24         28         45        
59         4000       4000       100.72     95.92      0.9523     78.38      0          78.19      57         98         0          0          0.6557     2.3959     4          11         15         19         24         29         43        
60         4000       4000       100.78     96.25      0.9551     77.97      0          78.09      56         98         0          0          0.6543     2.4599     4          11         15         19         24         29         43        
61         4000       4000       100.71     95.24      0.9457     77.74      0          77.93      56         98         0          0          0.6522     2.4118     4          11         15         19         24         30         43        
62         4000       4000       100.75     96.04      0.9533     77.34      0          77.81      54         98         0          0          0.6504     2.4474     4          11         15         19         24         30         44        
63         4000       4000       100.75     96.07      0.9535     77.15      0          77.73      54         98         0          0          0.6492     2.4056     4          11         15         19         25         30         46        
64         4000       4000       100.73     95.43      0.9473     77.05      0          77.61      53         98         0          0          0.6479     2.4242     4          11         15         19         25         30         46        
65         4000       4000       100.77     94.52      0.9379     76.66      0          77.49      52         98         0          0          0.6465     2.4432     4          11         15         19         25         31         47        
66         4000       4000       100.75     94.56      0.9386     76.44      0          77.37      51         98         0          0          0.6449     2.4340     4          12         15         19         25         31         47        
67         4000       4000       100.77     94.91      0.9418     75.87      0          77.15      51         98         0          0          0.6415     2.4132     4          12         15         20         25         31         47        
68         4000       4000       100.71     95.20      0.9453     75.65      0          76.98      51         98         0          0          0.6386     2.4436     4          12         15         20         26         31         47        
69         4000       4000       100.74     94.54      0.9385     75.32      1          76.86      52         98         0          0          0.6369     2.4173     4          12         16         20         25         31         49        
70         4000       4000       100.78     94.43      0.9369     75.24      0          76.71      52         98         0          0          0.6348     2.3912     4          12         16         20         26         31         50        
71         4000       4000       100.77     94.23      0.9351     75.15      0          76.56      51         98         0          0          0.6323     2.3673     4          12         16         20         26         31         48        
72         4000       4000       100.79     95.31      0.9456     74.65      0          76.45      52         98         0          0          0.6303     2.3608     4          12         16         20         26         31         48        
73         4000       4000       100.76     94.40      0.9369     74.50      0          76.33      52         98         0          0          0.6284     2.3906     3          12         17         21         26         32         49        
74         4000       4000       100.70     93.07      0.9242     74.21      0          76.18      52         98         0          0          0.6267     2.4238     3          12         16         21         26         31         47        
75         4000       4000       100.74     94.89      0.9420     74.04      0          76.17      52         98         0          0          0.6266     2.4189     4          12         16         21         26         31         47        
76         4000       4000       100.77     94.32      0.9361     73.91      0          76.05      51         98         0          0          0.6251     2.3671     4          12         16         21         26         31         47        
77         4000       4000       100.70     94.17      0.9351     73.78      0          75.99      51         98         0          0          0.6240     2.3474     3          12         16         21         26         32         49        
78         4000       4000       100.77     94.25      0.9353     73.53      0          75.88      51         98         0          0          0.6230     2.3439     3          12         17         21         27         32         49        
79         4000       4000       100.77     94.40      0.9368     73.21      0          75.75      51         98         0          0          0.6205     2.3385     3          12         17         21         27         32         51        
80         4000       4000       100.78     93.86      0.9314     72.77      0          75.59      50         98         0          0          0.6178     2.3244     3          13         17         21         27         32         50        
81         4000       4000       100.75     93.49      0.9279     72.69      0          75.36      49         98         0          0          0.6148     2.3324     3          13         17         22         27         32         52        
82         4000       4000       100.75     92.78      0.9209     72.54      0          75.22      49         98         0          0          0.6131     2.3084     5          13         17         22         27         32         50        
83         4000       4000       100.82     91.86      0.9112     72.29      0          74.92      49         99         0          0          0.6092     2.3552     5          13         18         22         28         32         52        
84         4000       4000       100.74     92.22      0.9155     71.50      0          74.65      50         99         0          0          0.6053     2.3115     5          13         18         22         28         33         54        
85         4000       4000       100.82     93.17      0.9241     71.01      0          74.40      50         99         0          0          0.6026     2.2961     5          13         18         22         29         33         56        
86         4000       4000       100.78     91.86      0.9115     70.72      0          74.29      50         99         0          0          0.6011     2.2862     6          13         18         23         29         33         55        
87         4000       4000       100.84     91.98      0.9122     70.34      0          73.84      50         99         0          0          0.5950     2.3484     7          13         18         23         29         33         54        
88         4000       4000       100.81     90.41      0.8969     69.81      0          73.48      51         99         0          0          0.5893     2.2663     7          13         18         23         30         34         58        
89         4000       4000       100.81     91.67      0.9094     69.17      0          73.18      49         99         0          0          0.5852     2.2697     7          14         18         24         30         34         54        
90         4000       4000       100.79     90.08      0.8938     68.70      0          72.99      48         99         0          0          0.5829     2.3066     7          14         19         24         29         35         54        
91         4000       4000       100.79     90.41      0.8969     68.30      1          72.68      47         99         0          0          0.5779     2.2366     7          14         19         24         30         35         54        
92         4000       4000       100.85     91.51      0.9073     68.11      1          72.45      47         99         0          0          0.5748     2.2702     8          14         19         25         30         35         55        
93         4000       4000       100.79     91.11      0.9040     67.60      1          72.24      48         99         0          0          0.5716     2.2551     8          15         19         25         31         35         54        
94         4000       4000       100.90     89.23      0.8843     67.36      1          71.98      48         99         0          0          0.5680     2.2765     9          15         20         25         31         36         54        
95         4000       4000       100.86     91.38      0.9060     66.71      1          71.76      49         99         0          0          0.5650     2.3083     9          15         20         25         31         36         52        
96         4000       4000       100.87     91.06      0.9028     66.06      1          71.53      49         99         0          0          0.5616     2.2381     8          16         20         25         31         37         53        
97         4000       4000       100.83     89.23      0.8849     65.97      1          71.31      50         99         0          0          0.5588     2.1849     8          16         20         26         31         37         52        
98         4000       4000       100.86     89.01      0.8825     65.79      1          71.07      49         99         0          0          0.5553     2.2060     8          16         20         26         32         37         50        
99         4000       4000       100.82     88.70      0.8798     65.41      0          70.82      48         99         0          0          0.5520     2.2239     8          16         21         26         32         37         50        
100        4000       4000       100.86     88.40      0.8765     65.06      0          70.56      48         100        1          0          0.5483     2.1934     8          16         21         26         33         37         50        
101        4000       4000       100.86     87.90      0.8715     64.43      0          70.30      49         100        1          0          0.5445     2.1939     9          17         21         27         33         37         49        
102        4000       4000       100.88     87.83      0.8706     64.09      0          70.06      49         100        1          0          0.5411     2.1781     9          17         22         27         33         38         50        
103        4000       4000       100.86     88.38      0.8762     63.81      1          69.76      50         100        1          1          0.5370     2.1268     9          17         22         27         34         38         50        
104        4000       4000       100.87     87.43      0.8667     63.46      1          69.48      49         100        1          1          0.5326     2.1689     9          18         22         27         34         39         51        
105        4000       4000       100.84     87.96      0.8722     62.97      0          69.15      49         100        1          0          0.5283     2.1656     8          18         22         28         34         39         51        
106        4000       4000       100.90     86.87      0.8609     62.54      0          68.84      51         100        2          0          0.5242     2.1447     7          18         23         28         34         39         50        
107        4000       4000       100.83     85.95      0.8524     62.01      1          68.48      51         100        2          1          0.5198     2.1526     8          19         23         28         35         40         50        
108        4000       4000       100.90     85.73      0.8496     61.48      0          68.14      49         100        2          0          0.5153     2.1381     8          18         23         29         35         40         50        
109        4000       4000       100.90     87.16      0.8638     61.00      0          67.84      49         100        2          0          0.5113     2.1116     11         19         24         29         36         40         53        
110        4000       4000       100.89     86.05      0.8529     60.63      1          67.47      49         100        2          1          0.5065     2.0945     9          19         24         29         36         41         54        
111        4000       4000       100.87     85.29      0.8455     60.11      0          67.18      50         100        2          0          0.5026     2.0951     9          19         24         30         36         41         54        
112        4000       4000       100.92     84.22      0.8345     59.78      0          66.89      49         100        2          0          0.4988     2.1214     9          20         24         30         36         41         54        
113        4000       4000       100.88     84.03      0.8330     59.26      0          66.52      45         100        2          0          0.4939     2.1042     9          20         25         30         37         41         55        
114        4000       4000       100.93     84.35      0.8358     58.79      0          66.25      45         100        2          0          0.4905     2.1026     10         20         25         31         37         41         56        
115        4000       4000       100.98     84.13      0.8332     58.19      0          65.83      46         100        2          0          0.4849     2.0358     11         21         25         31         38         42         58        
116        4000       4000       100.92     83.62      0.8286     57.64      0          65.49      46         100        2          0          0.4805     2.0780     13         20         26         32         38         42         56        
117        4000       4000       100.97     83.33      0.8253     57.32      0          65.04      45         100        2          0          0.4746     2.0642     12         21         26         32         38         43         59        
118        4000       4000       100.90     81.05      0.8033     56.82      0          64.67      45         100        2          0          0.4702     2.0849     13         21         26         32         39         43         62        
119        4000       4000       100.94     83.04      0.8227     56.28      0          64.30      44         100        1          0          0.4658     2.0616     13         21         27         33         39         43         63        
120        4000       4000       100.93     80.63      0.7989     56.13      0          63.98      44         100        1          0          0.4619     2.0637     11         22         27         33         40         44         64        
121        4000       4000       100.95     81.60      0.8083     55.57      0          63.64      42         100        1          0          0.4573     2.0771     12         22         28         34         40         44         63        
122        4000       4000       100.91     80.50      0.7977     55.16      0          63.33      43         100        1          0          0.4534     2.0606     12         23         28         34         40         44         61        
123        4000       4000       100.98     82.85      0.8205     54.79      0          63.02      41         100        1          0          0.4495     2.0532     12         23         28         34         40         45         61        
124        4000       4000       100.96     79.93      0.7917     54.39      0          62.68      38         100        1          0          0.4459     1.9901     12         23         28         35         40         45         60        
125        4000       4000       100.93     82.23      0.8148     53.88      0          62.49      40         100        1          0          0.4435     2.0636     13         24         29         35         40         45         60        
126        4000       4000       100.93     81.00      0.8026     53.70      0          62.21      39         100        1          0          0.4399     2.0211     13         24         29         35         41         45         63        
127        4000       4000       101.02     79.42      0.7861     53.41      0          61.95      40         100        1          0          0.4366     2.0119     13         25         29         35         41         46         63        
128        4000       4000       100.98     79.42      0.7865     53.38      0          61.69      40         99         0          0          0.4332     2.0169     15         25         29         35         41         46         62        
129        4000       4000       100.95     78.95      0.7821     53.08      0          61.49      40         99         0          0          0.4305     1.9841     15         25         30         35         41         46         63        
130        4000       4000       100.97     80.71      0.7993     52.62      0          61.25      40         99         0          0          0.4277     2.0084     15         26         30         36         41         47         64        
131        4000       4000       100.91     78.08      0.7737     52.38      0          60.91      39         99         0          0          0.4238     2.0141     14         25         31         36         42         47         66        
132        4000       4000       100.97     77.44      0.7670     52.16      0          60.69      40         99         0          0          0.4214     1.9964     13         26         31         36         42         48         67        
133        4000       4000       100.94     76.35      0.7564     51.88      1          60.47      43         99         0          0          0.4189     1.9851     13         26         31         36         42         47         66        
134        4000       4000       101.04     75.40      0.7462     51.27      0          60.23      42         98         0          0          0.4159     1.9848     15         26         31         37         43         47         67        
135        4000       4000       101.00     77.29      0.7652     51.05      0          59.93      41         98         0          0          0.4124     1.9996     15         26         32         37         43         48         69        
136        4000       4000       100.98     76.34      0.7559     50.70      0          59.67      38         98         0          0          0.4087     1.9907     15         27         32         37         43         49         69        
137        4000       4000       101.00     76.96      0.7619     50.56      0          59.43      38         98         0          0          0.4058     2.0076     15         27         32         37         43         48         64        
138        4000       4000       101.01     75.61      0.7486     50.27      0          59.14      37         98         0          0          0.4024     1.9988     15         27         32         38         43         49         64        
139        4000       4000       100.98     76.04      0.7531     49.93      0          58.98      37         98         0          0          0.4004     1.9935     16         28         32         38         43         48         62        
140        4000       4000       100.98     75.30      0.7457     49.53      0          58.75      36         98         0          0          0.3979     1.9748     16         28         33         38         43         49         63        
141        4000       4000       101.04     75.20      0.7443     49.46      0          58.52      35         98         0          0          0.3951     2.0250     18         28         33         38         43         50         62        
142        4000       4000       100.99     75.34      0.7460     49.21      0          58.35      35         98         0          0          0.3931     1.9792     18         28         33         38         44         49         62        
143        4000       4000       100.98     75.58      0.7485     48.67      0          58.11      35         98         0          0          0.3907     1.9559     18         29         33         38         44         50         61        
144        4000       4000       101.02     75.11      0.7435     48.45      0          57.90      36         98         0          0          0.3883     1.9750     18         29         33         39         45         50         62        
145        4000       4000       101.01     77.31      0.7653     48.29      0          57.74      35         98         0          0          0.3864     1.9609     17         29         33         39         44         50         61        
146        4000       4000       101.02     74.80      0.7404     48.47      0          57.61      36         98         0          0          0.3849     1.9625     18         29         34         39         45         50         62        
147        4000       4000       100.99     73.11      0.7239     48.17      0          57.37      36         93         0          0          0.3819     1.9581     17         29         34         40         45         50         63        
148        4000       4000       101.08     73.90      0.7312     48.08      0          57.35      36         93         0          0          0.3814     1.9556     17         30         34         39         45         50         64        
149        4000       4000       100.99     74.06      0.7333     47.55      0          57.14      35         93         0          0          0.3790     1.9655     18         30         34         39         45         50         62        
150        4000       4000       101.06     74.52      0.7374     47.55      0          57.01      35         93         0          0          0.3775     1.9504     17         30         35         40         45         50         62        
151        4000       4000       101.02     71.73      0.7101     47.47      0          56.82      35         93         0          0          0.3754     1.9531     16         30         35         40         46         51         63        
152        4000       4000       100.99     73.45      0.7273     47.30      0          56.64      35         93         0          0          0.3733     1.9550     16         30         35         40         46         50         65        
153        4000       4000       100.97     73.51      0.7280     47.12      0          56.55      36         93         0          0          0.3723     1.9587     18         31         35         40         46         51         64        
154        4000       4000       101.00     71.13      0.7043     46.73      0          56.38      35         93         0          0          0.3704     1.9485     18         31         35         40         46         50         62        
155        4000       4000       101.05     70.04      0.6932     46.80      0          56.22      35         93         0          0          0.3684     1.9612     18         31         35         40         46         51         62        
156        4000       4000       101.03     72.75      0.7201     46.55      0          56.06      37         84         0          0          0.3667     1.9548     18         31         36         40         46         51         64        
157        4000       4000       101.03     70.44      0.6972     46.44      0          55.89      36         83         0          0          0.3650     1.9535     19         31         35         41         46         51         65        
158        4000       4000       101.07     71.96      0.7120     46.43      0          55.73      35         84         0          0          0.3631     1.9491     19         32         36         41         46         52         63        
159        4000       4000       101.06     73.09      0.7232     46.43      0          55.55      34         82         0          0          0.3610     1.9532     19         32         36         41         46         52         65        
160        4000       4000       101.03     72.11      0.7138     46.29      0          55.52      35         79         0          0          0.3608     1.9522     17         32         36         41         47         52         63        
161        4000       4000       101.01     71.89      0.7117     46.29      0          55.45      35         75         0          0          0.3594     1.9399     19         32         36         41         47         52         66        
162        4000       4000       101.02     70.10      0.6939     46.12      0          55.24      35         73         0          0          0.3578     1.9433     20         32         36         41         47         52         66        
163        4000       4000       101.09     71.52      0.7075     45.86      0          55.14      36         73         0          0          0.3564     1.9361     22         32         36         41         47         52         69        
164        4000       4000       101.02     70.48      0.6977     45.78      0          55.05      35         73         0          0          0.3557     1.9467     22         32         36         42         47         52         69        
165        4000       4000       101.11     70.29      0.6952     45.76      0          55.06      35         73         0          0          0.3557     1.9422     21         32         37         42         47         52         69        
166        4000       4000       101.05     71.34      0.7060     45.83      0          54.99      34         74         0          0          0.3549     1.9433     22         32         37         42         47         51         69        
167        4000       4000       101.03     72.18      0.7145     45.69      0          54.91      34         71         0          0          0.3543     1.9464     23         32         36         42         47         52         68        
168        4000       4000       101.07     72.43      0.7166     45.69      0          54.87      33         72         0          0          0.3538     1.9424     24         32         36         42         47         51         65        
169        4000       4000       101.03     72.71      0.7197     45.93      0          54.87      34         72         0          0          0.3532     1.9446     23         32         36         42         47         51         66        
170        4000       4000       100.98     71.42      0.7073     45.86      0          54.75      34         70         0          0          0.3521     1.9381     22         32         37         43         47         51         67        
171        4000       4000       101.03     70.74      0.7002     45.76      0          54.74      36         71         0          0          0.3516     1.9389     23         32         37         42         47         51         68        
172        4000       4000       101.03     70.22      0.6951     45.74      0          54.63      35         69         0          0          0.3508     1.9341     23         32         37         42         47         52         68        
173        4000       4000       101.10     74.22      0.7341     45.78      0          54.61      36         70         0          0          0.3508     1.9411     22         32         37         43         47         51         67        
174        4000       4000       101.00     71.75      0.7104     46.10      0          54.68      36         69         0          0          0.3509     1.9361     23         33         37         42         48         51         67        
175        4000       4000       101.04     69.91      0.6919     46.11      0          54.67      36         72         0          0          0.3506     1.9394     23         33         37         43         47         51         66        
176        4000       4000       101.03     69.75      0.6904     45.92      0          54.57      37         72         0          0          0.3496     1.9319     22         33         37         43         48         51         66        
177        4000       4000       101.01     71.37      0.7066     45.68      0          54.50      36         72         0          0          0.3491     1.9349     24         32         37         43         48         52         67        
178        4000       4000       101.06     71.06      0.7032     45.66      0          54.41      36         73         0          0          0.3482     1.9327     24         33         37         43         48         51         66        
179        4000       4000       101.08     70.45      0.6970     45.78      0          54.40      36         74         0          0          0.3480     1.9379     24         33         37         43         48         52         67        
180        4000       4000       101.02     71.44      0.7072     45.71      0          54.37      36         71         0          0          0.3478     1.9317     24         33         37         43         48         52         66        
181        4000       4000       101.09     70.61      0.6985     45.71      0          54.32      36         71         0          0          0.3478     1.9298     23         33         37         43         48         52         70        
182        4000       4000       100.99     70.15      0.6946     45.72      0          54.33      36         71         0          0          0.3478     1.9399     22         33         37         43         48         52         70        
183        4000       4000       101.03     69.54      0.6883     45.77      0          54.31      36         72         0          0          0.3474     1.9364     20         33         37         43         48         52         71        
184        4000       4000       101.05     69.73      0.6900     45.64      0          54.29      37         73         0          0          0.3470     1.9403     22         33         37         42         48         52         69        
185        4000       4000       101.05     71.22      0.7048     45.70      0          54.29      38         73         0          0          0.3471     1.9315     21         33         38         42         48         51         71        
186        4000       4000       101.06     70.55      0.6981     45.88      0          54.27      37         73         0          0          0.3470     1.9407     21         33         38         42         48         51         70        
187        4000       4000       100.98     69.65      0.6898     45.60      0          54.14      36         71         0          0          0.3458     1.9396     23         33         38         43         48         52         68        
188        4000       4000       101.04     70.23      0.6951     45.40      0          54.13      38         70         0          0          0.3452     1.9367     25         33         38         43         48         52         69        
189        4000       4000       101.02     71.69      0.7097     45.51      0          54.01      38         71         0          0          0.3443     1.9288     23         33         38         43         48         52         69        
190        4000       4000       101.05     71.51      0.7077     46.04      0          54.03      39         71         0          0          0.3446     1.9405     23         33         38         43         48         52         70        
191        4000       4000       101.06     70.25      0.6951     45.87      0          54.02      37         72         0          0          0.3443     1.9320     24         33         38         43         48         52         69        
192        4000       4000       101.03     71.63      0.7090     45.84      0          54.00      37         69         0          0          0.3439     1.9343     24         33         38         43         48         52         69        
193        4000       4000       101.06     70.08      0.6934     45.93      0          54.01      37         70         0          0          0.3440     1.9377     23         34         38         43         48         52         67        
194        4000       4000       101.05     71.29      0.7055     45.64      0          53.98      36         70         0          0          0.3437     1.9390     25         34         38         43         48         52         69        
195        4000       4000       101.04     70.75      0.7003     45.83      0          53.96      37         70         0          0          0.3433     1.9340     24         34         38         43         47         52         68        
196        4000       4000       101.08     71.95      0.7118     46.00      0          54.02      37         71         0          0          0.3439     1.9340     24         34         38         43         48         51         66        
197        4000       4000       101.00     71.71      0.7099     45.89      0          54.03      38         70         0          0          0.3438     1.9314     24         33         38         43         48         52         66        
198        4000       4000       101.01     70.15      0.6945     46.18      0          54.00      38         71         0          0          0.3434     1.9389     25         33         38         43         48         51         66        
199        4000       4000       101.05     73.35      0.7259     46.03      0          54.10      39         72         0          0          0.3443     1.9268     25         34         38         43         48         52         67        
200        4000       4000       100.97     73.76      0.7305     46.25      0          54.11      39         72         0          0          0.3443     1.9345     26         34         37         43         48         52         68        
