time       n_sent     n_recv     avgRecv    avgByzRecv pByzRecv   avgByzN    pushByzN   pullByzN   sampByzN   pushBagByz pullBagByz n_isolated avgByzSamp min        max        n_fullbyz  n_fbi      cluscoeff  MPL        id_min     id_d1      id_q1      id_med     id_q3      id_d9      id_max    
0          1000       0          0.00       0.00       NaN        20.06      0.00       0.00       0.00       0.00       0.00       0          19.97      4          38         0          0          0.0942     1.9680     32         42         46         50         55         59         72        
1          6200       1000       0.00       0.00       NaN        20.06      0.00       0.00       0.00       0.00       0.00       0          19.97      4          38         0          0          0.0942     1.9744     32         42         46         50         55         60         72        
2          7000       6200       2.81       2.01       0.7150     20.06      0.00       0.00       0.00       0.00       0.00       0          20.02      4          37         0          0          0.0943     1.9690     32         42         46         51         55         60         72        
3          7000       7000       102.78     37.30      0.3629     32.42      0.46       0.30       0.20       0.45       0.27       0          27.74      4          75         0          0          0.1573     1.9811     31         42         47         51         57         62         76        
4          7000       7000       102.66     44.01      0.4287     38.64      0.65       0.44       0.32       0.75       0.44       0          32.55      7          79         0          0          0.1913     1.9566     29         43         49         54         60         65         85        
5          7000       7000       102.63     60.25      0.5870     38.55      0.46       0.44       0.35       0.75       0.51       0          34.97      11         81         0          0          0.2074     1.9654     25         44         49         55         61         66         82        
6          7000       7000       102.62     65.81      0.6413     41.56      0.43       0.48       0.38       0.77       0.61       0          37.80      12         82         0          0          0.2265     1.9750     24         42         47         54         60         66         84        
7          7000       7000       102.58     65.74      0.6408     43.83      0.48       0.52       0.39       0.77       0.65       0          39.21      8          82         0          0          0.2373     1.9695     23         42         47         53         60         65         82        
8          7000       7000       102.58     67.08      0.6540     44.80      0.53       0.54       0.39       0.77       0.65       0          39.56      14         82         0          0          0.2386     1.9737     24         41         47         53         60         66         86        
9          7000       7000       102.56     71.84      0.7005     45.23      0.55       0.55       0.40       0.78       0.68       0          39.72      14         82         0          0          0.2392     1.9696     24         41         47         54         60         66         84        
10         7000       7000       102.55     71.33      0.6955     45.32      0.56       0.55       0.39       0.79       0.70       0          39.58      14         82         0          0          0.2368     1.9507     26         42         47         53         61         66         85        
11         7000       7000       102.51     72.01      0.7025     45.01      0.56       0.55       0.39       0.79       0.71       0          39.15      18         81         0          0          0.2333     1.9688     25         42         47         54         61         68         85        
12         7000       7000       102.52     71.69      0.6993     44.47      0.56       0.54       0.39       0.78       0.72       0          38.62      17         79         0          0          0.2285     1.9550     24         43         48         54         62         68         88        
13         7000       7000       102.55     71.36      0.6959     43.78      0.54       0.54       0.38       0.78       0.71       0          38.05      19         81         0          0          0.2236     1.9448     23         43         48         55         63         70         90        
14         7000       7000       102.55     72.19      0.7040     42.53      0.54       0.51       0.37       0.78       0.71       0          37.46      19         81         0          0          0.2189     1.9433     22         44         49         55         63         71         94        
15         7000       7000       102.61     71.45      0.6964     41.65      0.53       0.50       0.37       0.78       0.72       0          36.85      19         81         0          0          0.2142     1.9395     22         44         49         56         64         72         98        
16         7000       7000       102.57     67.38      0.6569     40.34      0.49       0.48       0.36       0.77       0.69       0          36.07      19         81         0          0          0.2085     1.9387     21         45         50         57         65         72         104       
17         7000       7000       102.61     68.97      0.6722     39.20      0.47       0.46       0.35       0.77       0.68       0          35.41      17         81         0          0          0.2037     1.9437     23         46         51         58         66         73         98        
18         7000       7000       102.62     67.23      0.6551     38.27      0.46       0.44       0.35       0.77       0.69       0          34.78      18         81         0          0          0.1991     1.9342     23         46         52         58         67         74         97        
19         7000       7000       102.63     66.15      0.6445     37.11      0.43       0.42       0.34       0.77       0.67       0          34.08      17         81         0          0          0.1943     1.9362     25         46         52         59         68         76         95        
20         7000       7000       102.62     63.95      0.6232     35.93      0.43       0.40       0.33       0.75       0.65       0          33.46      16         80         0          0          0.1899     1.9321     23         47         53         60         68         76         100       
21         7000       7000       102.67     61.48      0.5988     34.59      0.38       0.38       0.33       0.77       0.63       0          32.74      17         80         0          0          0.1851     1.9347     25         48         53         61         69         77         100       
22         7000       7000       102.68     60.62      0.5904     33.27      0.34       0.36       0.32       0.75       0.61       0          32.01      15         79         0          0          0.1802     1.9335     25         48         54         62         70         78         100       
23         7000       7000       102.68     57.65      0.5614     32.02      0.34       0.33       0.31       0.75       0.60       0          31.35      14         79         0          0          0.1759     1.9257     26         49         55         62         71         79         99        
24         7000       7000       102.63     56.53      0.5507     31.02      0.33       0.31       0.31       0.74       0.57       0          30.68      15         80         0          0          0.1717     1.9246     26         50         56         63         71         79         101       
25         7000       7000       102.77     56.19      0.5467     29.88      0.32       0.30       0.30       0.74       0.56       0          29.99      15         80         0          0          0.1673     1.9303     28         50         56         63         72         80         100       
26         7000       7000       102.72     53.49      0.5207     28.70      0.29       0.27       0.29       0.74       0.54       0          29.38      11         80         0          0          0.1637     1.9217     31         50         57         64         72         81         99        
27         7000       7000       102.71     53.99      0.5256     28.16      0.29       0.26       0.29       0.73       0.55       0          28.80      10         81         0          0          0.1604     1.9232     32         51         58         65         73         81         100       
28         7000       7000       102.71     52.98      0.5158     27.41      0.26       0.26       0.28       0.73       0.54       0          28.28      12         82         0          0          0.1575     1.9206     34         51         58         65         74         81         104       
29         7000       7000       102.71     49.34      0.4804     26.56      0.25       0.25       0.28       0.75       0.52       0          27.78      12         63         0          0          0.1543     1.9207     32         52         59         66         74         82         103       
30         7000       7000       102.73     47.48      0.4622     25.72      0.24       0.23       0.27       0.73       0.47       0          27.25      12         63         0          0          0.1510     1.9151     34         53         60         67         75         82         105       
31         7000       7000       102.73     48.76      0.4746     24.83      0.24       0.21       0.27       0.72       0.48       0          26.89      12         62         0          0          0.1494     1.9151     33         54         60         67         75         83         109       
32         7000       7000       102.78     45.91      0.4467     24.26      0.22       0.20       0.26       0.74       0.46       0          26.49      11         62         0          0          0.1473     1.9139     31         54         60         67         76         83         109       
33         7000       7000       102.75     43.77      0.4260     23.88      0.20       0.20       0.26       0.73       0.44       0          26.07      12         63         0          0          0.1451     1.9150     32         54         60         68         76         83         104       
34         7000       7000       102.76     44.38      0.4318     23.41      0.19       0.19       0.26       0.73       0.44       0          25.77      12         62         0          0          0.1434     1.9170     34         54         61         68         76         83         104       
35         7000       7000       102.76     43.45      0.4228     22.68      0.19       0.18       0.25       0.73       0.44       0          25.43      13         63         0          0          0.1417     1.9128     36         54         62         69         76         83         106       
36         7000       7000       102.75     43.28      0.4213     22.42      0.19       0.18       0.25       0.73       0.43       0          25.14      13         64         0          0          0.1402     1.9133     39         55         62         69         77         84         107       
37         7000       7000       102.81     42.13      0.4098     21.99      0.18       0.17       0.25       0.73       0.43       0          24.85      13         54         0          0          0.1388     1.9146     38         56         62         69         77         84         107       
38         7000       7000       102.75     40.48      0.3940     21.59      0.17       0.16       0.25       0.73       0.40       0          24.61      11         55         0          0          0.1376     1.9127     38         56         63         70         77         84         105       
39         7000       7000       102.82     42.90      0.4172     21.45      0.17       0.16       0.24       0.72       0.41       0          24.27      12         48         0          0          0.1362     1.9123     40         57         63         70         78         84         104       
40         7000       7000       102.78     41.57      0.4044     21.20      0.16       0.16       0.24       0.71       0.43       0          24.08      10         47         0          0          0.1353     1.9092     40         57         63         70         78         84         105       
41         7000       7000       102.74     39.59      0.3854     20.80      0.15       0.15       0.24       0.71       0.39       0          23.82      9          47         0          0          0.1341     1.9120     40         57         64         70         78         84         103       
42         7000       7000       102.79     40.43      0.3934     20.60      0.15       0.15       0.24       0.72       0.40       0          23.65      8          48         0          0          0.1335     1.9109     40         58         64         71         78         84         104       
43         7000       7000       102.80     38.73      0.3768     20.45      0.16       0.15       0.24       0.70       0.38       0          23.49      10         40         0          0          0.1326     1.9125     41         59         64         71         78         84         102       
44         7000       7000       102.76     38.06      0.3704     20.28      0.16       0.15       0.23       0.70       0.38       0          23.26      9          40         0          0          0.1315     1.9109     40         59         64         71         78         84         102       
45         7000       7000       102.78     40.42      0.3933     20.09      0.16       0.15       0.23       0.71       0.40       0          23.16      9          41         0          0          0.1313     1.9097     41         59         65         71         78         85         100       
46         7000       7000       102.76     37.25      0.3625     20.10      0.14       0.15       0.23       0.72       0.37       0          23.05      9          41         0          0          0.1307     1.9104     42         59         65         71         78         85         101       
47         7000       7000       102.83     36.83      0.3582     19.87      0.14       0.14       0.23       0.72       0.37       0          22.91      9          40         0          0          0.1303     1.9091     39         59         65         72         78         85         103       
48         7000       7000       102.85     38.98      0.3790     19.69      0.14       0.14       0.23       0.71       0.37       0          22.77      9          42         0          0          0.1299     1.9086     39         60         65         72         79         85         100       
49         7000       7000       102.81     38.05      0.3701     19.50      0.13       0.14       0.23       0.71       0.37       0          22.65      9          41         0          0          0.1295     1.9100     39         59         66         72         79         85         100       
50         7000       7000       102.79     36.41      0.3542     19.37      0.14       0.14       0.22       0.72       0.37       0          22.49      9          40         0          0          0.1287     1.9089     40         59         66         72         79         86         99        
51         7000       7000       102.81     37.34      0.3632     19.25      0.15       0.14       0.22       0.71       0.36       0          22.39      10         36         0          0          0.1282     1.9084     37         59         66         72         79         85         100       
52         7000       7000       102.79     33.30      0.3240     18.96      0.13       0.13       0.22       0.73       0.34       0          22.30      9          36         0          0          0.1278     1.9079     39         60         66         73         79         85         100       
53         7000       7000       102.79     35.13      0.3417     19.20      0.12       0.14       0.22       0.72       0.33       0          22.20      9          36         0          0          0.1274     1.9100     39         60         66         73         79         85         102       
54         7000       7000       102.80     36.35      0.3536     19.00      0.14       0.13       0.22       0.72       0.37       0          22.19      10         38         0          0          0.1274     1.9083     39         60         66         72         79         84         103       
55         7000       7000       102.83     36.38      0.3538     18.88      0.12       0.13       0.22       0.71       0.35       0          22.12      10         36         0          0          0.1272     1.9068     41         61         66         72         79         85         103       
56         7000       7000       102.81     33.86      0.3293     18.92      0.13       0.13       0.22       0.71       0.33       0          22.06      9          35         0          0          0.1269     1.9091     43         61         66         73         79         85         101       
57         7000       7000       102.79     35.25      0.3429     18.84      0.14       0.13       0.22       0.71       0.34       0          22.04      8          35         0          0          0.1268     1.9080     45         61         67         73         79         84         101       
58         7000       7000       102.85     34.33      0.3337     18.76      0.15       0.13       0.22       0.71       0.34       0          22.01      8          36         0          0          0.1266     1.9079     46         61         67         73         79         85         102       
59         7000       7000       102.78     37.89      0.3687     18.79      0.14       0.14       0.22       0.72       0.37       0          21.98      8          36         0          0          0.1265     1.9092     46         61         67         73         78         85         104       
60         7000       7000       102.79     37.02      0.3602     18.80      0.14       0.13       0.22       0.71       0.35       0          21.91      10         34         0          0          0.1261     1.9080     45         61         67         73         79         84         102       
61         7000       7000       102.84     35.53      0.3455     18.77      0.13       0.13       0.22       0.72       0.36       0          21.91      9          35         0          0          0.1263     1.9074     46         61         66         73         79         85         100       
62         7000       7000       102.83     33.29      0.3237     18.74      0.13       0.13       0.22       0.72       0.32       0          21.81      9          37         0          0          0.1260     1.9081     46         61         66         73         79         85         100       
63         7000       7000       102.81     37.66      0.3663     18.83      0.13       0.13       0.22       0.71       0.35       0          21.85      8          38         0          0          0.1261     1.9100     46         61         67         72         79         85         101       
64         7000       7000       102.80     36.63      0.3563     18.96      0.14       0.14       0.22       0.70       0.37       0          21.85      8          37         0          0          0.1260     1.9076     48         61         67         72         79         85         103       
65         7000       7000       102.82     34.92      0.3396     18.90      0.14       0.14       0.22       0.71       0.35       0          21.83      8          37         0          0          0.1260     1.9076     49         61         67         73         79         85         105       
66         7000       7000       102.79     35.13      0.3418     18.82      0.13       0.14       0.22       0.71       0.34       0          21.82      7          35         0          0          0.1260     1.9075     48         61         66         73         79         85         105       
67         7000       7000       102.78     35.17      0.3423     18.87      0.13       0.14       0.22       0.71       0.34       0          21.79      7          35         0          0          0.1258     1.9089     47         61         66         73         79         85         105       
68         7000       7000       102.84     35.00      0.3403     18.68      0.14       0.13       0.22       0.71       0.35       0          21.77      7          34         0          0          0.1256     1.9080     47         61         67         73         79         85         106       
69         7000       7000       102.84     34.82      0.3385     18.98      0.15       0.14       0.22       0.72       0.33       0          21.75      7          36         0          0          0.1256     1.9089     47         62         67         73         79         84         106       
70         7000       7000       102.79     34.16      0.3323     18.86      0.13       0.14       0.22       0.72       0.33       0          21.70      7          35         0          0          0.1253     1.9092     47         62         67         73         79         84         106       
71         7000       7000       102.79     34.75      0.3380     18.78      0.13       0.14       0.22       0.70       0.33       0          21.67      7          35         0          0          0.1252     1.9059     49         62         67         73         79         85         105       
72         7000       7000       102.82     34.20      0.3326     18.80      0.12       0.14       0.22       0.71       0.33       0          21.61      8          35         0          0          0.1248     1.9071     49         62         66         73         79         84         107       
73         7000       7000       102.80     36.78      0.3578     18.75      0.13       0.14       0.22       0.72       0.35       0          21.61      6          35         0          0          0.1249     1.9075     49         62         67         73         79         85         111       
74         7000       7000       102.82     36.40      0.3540     18.86      0.13       0.14       0.22       0.72       0.36       0          21.69      7          33         0          0          0.1251     1.9071     48         62         66         73         79         85         113       
75         7000       7000       102.85     35.33      0.3435     18.81      0.13       0.14       0.22       0.71       0.34       0          21.61      7          34         0          0          0.1248     1.9087     47         62         67         73         79         85         109       
76         7000       7000       102.78     35.69      0.3473     18.82      0.14       0.14       0.22       0.70       0.35       0          21.59      7          34         0          0          0.1248     1.9082     49         62         67         73         79         85         109       
77         7000       7000       102.85     35.05      0.3408     18.90      0.15       0.14       0.22       0.71       0.34       0          21.56      7          34         0          0          0.1247     1.9068     49         61         67         73         79         85         112       
78         7000       7000       102.86     36.85      0.3582     18.99      0.14       0.14       0.22       0.73       0.35       0          21.55      7          34         0          0          0.1248     1.9064     48         61         67         73         79         85         113       
79         7000       7000       102.83     35.38      0.3440     18.96      0.15       0.14       0.22       0.70       0.36       0          21.54      7          35         0          0          0.1248     1.9070     48         61         67         73         79         85         112       
80         7000       7000       102.82     36.93      0.3592     18.93      0.14       0.15       0.21       0.72       0.35       0          21.53      6          36         0          0          0.1247     1.9061     47         61         67         73         79         85         109       
81         7000       7000       102.83     37.28      0.3626     19.10      0.15       0.15       0.21       0.71       0.36       0          21.59      6          36         0          0          0.1249     1.9063     48         61         67         73         79         86         111       
82         7000       7000       102.85     34.81      0.3384     19.02      0.16       0.15       0.22       0.71       0.35       0          21.60      6          35         0          0          0.1250     1.9077     48         61         66         73         79         85         111       
83         7000       7000       102.82     36.95      0.3594     19.09      0.14       0.15       0.22       0.72       0.36       0          21.60      6          36         0          0          0.1250     1.9067     49         61         66         73         79         85         110       
84         7000       7000       102.82     36.00      0.3501     19.11      0.15       0.15       0.22       0.70       0.35       0          21.61      6          34         0          0          0.1250     1.9072     47         62         66         73         79         85         110       
85         7000       7000       102.79     34.78      0.3384     19.26      0.15       0.15       0.22       0.73       0.34       0          21.59      6          34         0          0          0.1249     1.9057     47         62         66         73         80         85         110       
86         7000       7000       102.79     37.80      0.3677     19.20      0.15       0.15       0.22       0.72       0.36       0          21.62      6          35         0          0          0.1251     1.9079     47         62         67         73         79         85         110       
87         7000       7000       102.78     36.64      0.3565     19.15      0.16       0.15       0.22       0.71       0.35       0          21.65      6          35         0          0          0.1253     1.9064     48         61         67         73         79         85         105       
88         7000       7000       102.77     38.42      0.3738     19.46      0.16       0.15       0.22       0.71       0.37       0          21.70      7          35         0          0          0.1255     1.9083     48         62         67         73         79         85         108       
89         7000       7000       102.79     37.51      0.3649     19.56      0.16       0.16       0.22       0.71       0.37       0          21.70      8          35         0          0          0.1255     1.9068     49         61         67         73         79         85         107       
90         7000       7000       102.81     35.44      0.3447     19.29      0.14       0.15       0.22       0.72       0.36       0          21.73      8          35         0          0          0.1255     1.9057     48         61         66         73         79         85         107       
91         7000       7000       102.80     37.73      0.3670     19.38      0.14       0.15       0.22       0.73       0.36       0          21.70      7          35         0          0          0.1254     1.9078     48         61         67         73         79         85         105       
92         7000       7000       102.81     38.24      0.3719     19.44      0.17       0.15       0.22       0.73       0.38       0          21.80      8          36         0          0          0.1257     1.9083     47         61         66         73         79         85         105       
93         7000       7000       102.82     37.35      0.3632     19.59      0.16       0.16       0.22       0.71       0.37       0          21.75      8          37         0          0          0.1256     1.9089     48         61         67         73         79         85         107       
94         7000       7000       102.77     38.53      0.3749     19.69      0.16       0.16       0.22       0.71       0.38       0          21.75      9          37         0          0          0.1255     1.9061     47         61         67         73         79         85         107       
95         7000       7000       102.78     34.22      0.3330     19.57      0.16       0.16       0.22       0.71       0.35       0          21.74      8          37         0          0          0.1255     1.9080     48         62         67         73         79         84         107       
96         7000       7000       102.79     37.98      0.3695     19.51      0.17       0.16       0.22       0.71       0.36       0          21.71      8          37         0          0          0.1254     1.9087     48         61         67         73         80         85         112       
97         7000       7000       102.79     37.31      0.3629     19.58      0.16       0.16       0.22       0.72       0.37       0          21.65      8          37         0          0          0.1252     1.9064     48         61         67         73         79         84         109       
98         7000       7000       102.79     36.14      0.3515     19.45      0.16       0.16       0.22       0.72       0.35       0          21.63      8          37         0          0          0.1251     1.9063     46         62         67         73         79         84         110       
99         7000       7000       102.81     38.17      0.3713     19.70      0.17       0.16       0.22       0.72       0.36       0          21.67      9          39         0          0          0.1252     1.9063     47         62         67         73         79         84         110       
100        7000       7000       102.77     37.60      0.3659     19.49      0.17       0.16       0.22       0.71       0.37       0          21.65      9          37         0          0          0.1251     1.9087     47         62         67         73         79         84         109       
101        7000       7000       102.81     37.08      0.3607     19.69      0.17       0.16       0.22       0.73       0.37       0          21.69      10         36         0          0          0.1252     1.9093     46         62         67         73         79         84         105       
102        7000       7000       102.80     35.61      0.3464     19.62      0.16       0.16       0.22       0.71       0.35       0          21.70      9          36         0          0          0.1253     1.9073     46         61         67         73         79         84         102       
103        7000       7000       102.77     36.73      0.3574     19.64      0.16       0.16       0.22       0.71       0.35       0          21.66      10         37         0          0          0.1251     1.9085     49         61         67         73         79         84         104       
104        7000       7000       102.83     36.40      0.3539     19.76      0.17       0.16       0.22       0.72       0.36       0          21.66      10         38         0          0          0.1251     1.9066     49         62         67         73         79         85         104       
105        7000       7000       102.79     37.94      0.3691     19.65      0.16       0.16       0.22       0.70       0.37       0          21.70      9          37         0          0          0.1253     1.9073     49         62         67         73         79         85         108       
106        7000       7000       102.82     37.67      0.3664     19.70      0.15       0.16       0.22       0.71       0.37       0          21.74      9          38         0          0          0.1255     1.9054     48         62         67         73         79         85         108       
107        7000       7000       102.86     39.20      0.3812     19.72      0.17       0.16       0.22       0.72       0.38       0          21.73      9          39         0          0          0.1257     1.9082     49         61         67         73         79         85         109       
108        7000       7000       102.85     36.89      0.3587     19.98      0.15       0.17       0.22       0.71       0.37       0          21.80      9          39         0          0          0.1259     1.9064     47         61         67         73         79         85         110       
109        7000       7000       102.77     37.19      0.3619     19.96      0.16       0.17       0.22       0.71       0.37       0          21.80      9          40         0          0          0.1260     1.9073     48         61         67         73         79         84         110       
110        7000       7000       102.83     37.13      0.3611     19.93      0.16       0.17       0.22       0.71       0.36       0          21.75      9          38         0          0          0.1259     1.9079     48         61         67         73         79         85         109       
111        7000       7000       102.80     36.69      0.3569     19.91      0.19       0.17       0.22       0.70       0.36       0          21.75      10         37         0          0          0.1258     1.9070     49         61         67         73         79         85         106       
112        7000       7000       102.76     37.47      0.3646     19.74      0.18       0.17       0.22       0.72       0.36       0          21.72      10         37         0          0          0.1256     1.9072     48         61         67         73         79         85         104       
113        7000       7000       102.81     38.40      0.3736     20.02      0.17       0.17       0.22       0.73       0.37       0          21.76      9          37         0          0          0.1259     1.9073     47         61         67         73         79         84         101       
114        7000       7000       102.80     38.58      0.3753     19.94      0.17       0.17       0.22       0.72       0.37       0          21.81      9          37         0          0          0.1260     1.9069     46         61         67         73         79         85         103       
115        7000       7000       102.78     36.95      0.3595     19.92      0.18       0.17       0.22       0.71       0.37       0          21.77      9          37         0          0          0.1259     1.9055     45         61         67         73         79         85         101       
116        7000       7000       102.80     37.66      0.3664     19.97      0.17       0.17       0.22       0.70       0.36       0          21.81      9          37         0          0          0.1260     1.9082     41         61         66         73         79         85         102       
117        7000       7000       102.80     38.95      0.3789     20.13      0.18       0.17       0.22       0.71       0.38       0          21.87      9          38         0          0          0.1262     1.9073     43         61         67         73         79         85         104       
118        7000       7000       102.81     39.45      0.3837     20.12      0.17       0.17       0.22       0.72       0.39       0          21.92      9          39         0          0          0.1263     1.9050     43         61         66         73         79         84         104       
119        7000       7000       102.79     38.60      0.3755     20.18      0.17       0.17       0.22       0.71       0.39       0          21.95      10         38         0          0          0.1264     1.9079     43         61         66         73         79         85         104       
120        7000       7000       102.77     38.59      0.3755     20.18      0.17       0.17       0.22       0.70       0.37       0          21.95      11         38         0          0          0.1263     1.9065     42         61         66         73         79         84         107       
121        7000       7000       102.82     37.60      0.3657     20.18      0.17       0.17       0.22       0.72       0.37       0          21.92      11         38         0          0          0.1262     1.9084     44         61         66         73         79         84         108       
122        7000       7000       102.79     37.90      0.3687     20.21      0.18       0.17       0.22       0.72       0.36       0          21.95      11         39         0          0          0.1261     1.9083     44         61         67         73         79         84         106       
123        7000       7000       102.72     36.72      0.3574     20.21      0.17       0.17       0.22       0.71       0.37       0          21.91      11         38         0          0          0.1259     1.9071     45         61         67         73         79         84         109       
124        7000       7000       102.82     40.13      0.3903     20.39      0.17       0.18       0.22       0.72       0.39       0          21.94      11         38         0          0          0.1259     1.9076     47         61         67         73         79         84         105       
125        7000       7000       102.78     37.12      0.3612     20.34      0.17       0.17       0.22       0.73       0.37       0          21.89      11         38         0          0          0.1257     1.9084     48         61         67         73         79         84         105       
126        7000       7000       102.82     38.91      0.3784     20.18      0.18       0.17       0.22       0.71       0.36       0          21.88      11         38         0          0          0.1256     1.9081     50         62         67         73         79         84         106       
127        7000       7000       102.83     37.92      0.3688     20.23      0.17       0.17       0.22       0.72       0.37       0          21.88      11         36         0          0          0.1257     1.9086     50         61         67         73         79         84         106       
128        7000       7000       102.83     39.05      0.3798     20.25      0.16       0.18       0.22       0.71       0.38       0          21.95      12         36         0          0          0.1260     1.9068     49         61         67         73         79         84         105       
129        7000       7000       102.84     36.99      0.3597     20.41      0.18       0.18       0.22       0.73       0.37       0          21.92      11         36         0          0          0.1261     1.9098     49         61         67         73         79         84         103       
130        7000       7000       102.81     38.08      0.3704     20.36      0.18       0.17       0.22       0.71       0.37       0          21.89      10         37         0          0          0.1260     1.9082     50         61         67         73         79         85         104       
131        7000       7000       102.78     39.16      0.3810     20.53      0.18       0.18       0.22       0.72       0.38       0          21.91      10         36         0          0          0.1261     1.9084     50         61         67         73         79         84         103       
132        7000       7000       102.84     38.24      0.3718     20.21      0.17       0.18       0.22       0.71       0.37       0          21.90      11         36         0          0          0.1260     1.9079     51         62         67         73         79         84         105       
133        7000       7000       102.86     40.03      0.3891     20.29      0.18       0.17       0.22       0.72       0.39       0          21.91      10         37         0          0          0.1261     1.9087     50         62         67         73         79         84         106       
134        7000       7000       102.80     40.10      0.3901     20.36      0.19       0.18       0.22       0.71       0.39       0          21.90      10         37         0          0          0.1262     1.9067     51         62         67         73         79         84         107       
135        7000       7000       102.83     40.65      0.3953     20.48      0.19       0.18       0.22       0.70       0.38       0          21.91      10         37         0          0          0.1262     1.9086     49         61         67         73         79         85         106       
136        7000       7000       102.80     38.39      0.3734     20.61      0.18       0.18       0.22       0.72       0.39       0          21.98      10         35         0          0          0.1264     1.9111     48         61         66         72         79         84         105       
137        7000       7000       102.80     38.75      0.3769     20.43      0.17       0.18       0.22       0.70       0.38       0          21.99      10         36         0          0          0.1265     1.9075     47         62         66         72         79         84         105       
138        7000       7000       102.82     38.72      0.3766     20.55      0.18       0.18       0.22       0.73       0.37       0          22.02      10         36         0          0          0.1265     1.9073     47         61         66         73         79         84         101       
139        7000       7000       102.80     37.50      0.3648     20.55      0.18       0.18       0.22       0.72       0.37       0          22.00      11         35         0          0          0.1266     1.9071     47         62         66         72         79         84         103       
140        7000       7000       102.80     38.98      0.3792     20.75      0.19       0.18       0.22       0.71       0.38       0          22.01      11         35         0          0          0.1267     1.9086     45         61         66         73         79         84         103       
141        7000       7000       102.80     39.78      0.3870     20.50      0.18       0.18       0.22       0.71       0.39       0          22.02      11         35         0          0          0.1266     1.9086     45         61         66         73         78         84         104       
142        7000       7000       102.82     38.17      0.3713     20.46      0.18       0.18       0.22       0.72       0.39       0          21.97      9          35         0          0          0.1265     1.9086     43         61         66         73         79         85         104       
143        7000       7000       102.85     38.51      0.3744     20.56      0.18       0.18       0.22       0.71       0.38       0          21.98      10         35         0          0          0.1264     1.9077     42         61         66         73         79         84         105       
144        7000       7000       102.82     39.60      0.3851     20.60      0.18       0.18       0.22       0.71       0.39       0          22.05      9          35         0          0          0.1266     1.9073     45         61         67         72         79         84         105       
145        7000       7000       102.77     39.76      0.3869     20.60      0.18       0.18       0.22       0.71       0.40       0          22.07      10         37         0          0          0.1267     1.9094     45         61         66         72         79         85         104       
146        7000       7000       102.79     40.58      0.3947     20.90      0.19       0.19       0.22       0.73       0.40       0          22.04      10         37         0          0          0.1266     1.9080     44         61         66         73         79         85         105       
147        7000       7000       102.80     37.74      0.3671     20.81      0.19       0.19       0.22       0.72       0.37       0          22.07      9          38         0          0          0.1267     1.9076     44         61         66         72         79         85         102       
148        7000       7000       102.78     37.61      0.3659     20.91      0.19       0.19       0.22       0.73       0.38       0          22.12      9          39         0          0          0.1269     1.9059     42         61         66         72         79         84         103       
149        7000       7000       102.83     37.82      0.3678     20.80      0.19       0.18       0.22       0.72       0.36       0          22.07      10         38         0          0          0.1268     1.9097     45         61         66         72         79         85         104       
150        7000       7000       102.75     39.60      0.3854     20.80      0.18       0.18       0.22       0.72       0.38       0          22.10      11         35         0          0          0.1270     1.9068     44         60         66         72         79         85         106       
151        7000       7000       102.79     40.78      0.3967     20.98      0.19       0.19       0.22       0.72       0.40       0          22.13      10         36         0          0          0.1269     1.9070     43         60         66         73         79         85         107       
152        7000       7000       102.81     39.08      0.3801     21.02      0.20       0.19       0.22       0.72       0.38       0          22.12      10         38         0          0          0.1267     1.9087     42         61         66         72         79         85         106       
153        7000       7000       102.80     38.09      0.3705     20.79      0.20       0.19       0.22       0.72       0.37       0          22.11      9          39         0          0          0.1266     1.9082     42         61         66         72         79         85         107       
154        7000       7000       102.79     39.40      0.3833     20.96      0.18       0.19       0.22       0.72       0.38       0          22.07      9          38         0          0          0.1264     1.9059     44         61         66         73         79         85         104       
155        7000       7000       102.80     39.04      0.3797     20.77      0.18       0.19       0.22       0.73       0.38       0          22.07      10         35         0          0          0.1265     1.9074     44         61         66         73         79         84         105       
156        7000       7000       102.76     37.76      0.3674     20.93      0.20       0.19       0.22       0.71       0.37       0          22.09      10         34         0          0          0.1264     1.9059     46         61         66         73         79         84         102       
157        7000       7000       102.75     41.81      0.4069     20.84      0.18       0.19       0.22       0.71       0.40       0          22.15      10         35         0          0          0.1265     1.9077     45         61         66         73         79         85         105       
158        7000       7000       102.79     39.34      0.3827     20.94      0.19       0.19       0.22       0.72       0.39       0          22.15      10         35         0          0          0.1267     1.9078     46         61         66         72         79         84         105       
159        7000       7000       102.79     38.19      0.3715     21.25      0.20       0.20       0.22       0.72       0.38       0          22.15      10         36         0          0          0.1267     1.9064     46         61         66         73         79         85         101       
160        7000       7000       102.81     39.10      0.3803     21.08      0.19       0.19       0.22       0.72       0.37       0          22.14      10         36         0          0          0.1266     1.9095     46         61         66         73         79         85         102       
161        7000       7000       102.79     38.94      0.3789     20.96      0.20       0.19       0.22       0.72       0.38       0          22.09      10         36         0          0          0.1263     1.9063     47         61         66         73         79         85         101       
162        7000       7000       102.80     39.67      0.3859     20.91      0.20       0.19       0.22       0.71       0.39       0          22.10      11         36         0          0          0.1264     1.9073     44         61         66         73         79         85         100       
163        7000       7000       102.81     41.05      0.3993     20.94      0.20       0.19       0.22       0.72       0.40       0          22.13      10         35         0          0          0.1266     1.9073     43         61         66         73         79         85         100       
164        7000       7000       102.80     37.49      0.3646     20.93      0.19       0.19       0.22       0.73       0.38       0          22.13      10         35         0          0          0.1267     1.9054     44         61         66         73         79         85         100       
165        7000       7000       102.82     41.73      0.4059     20.80      0.18       0.19       0.22       0.73       0.39       0          22.17      10         35         0          0          0.1267     1.9075     45         61         66         73         79         85         98        
166        7000       7000       102.82     38.10      0.3705     20.80      0.18       0.19       0.22       0.70       0.39       0          22.14      10         36         0          0          0.1265     1.9072     47         61         66         73         79         85         99        
167        7000       7000       102.76     38.18      0.3715     20.88      0.20       0.19       0.22       0.72       0.37       0          22.10      10         35         0          0          0.1265     1.9080     46         61         66         73         79         85         102       
168        7000       7000       102.78     39.65      0.3858     20.92      0.19       0.19       0.22       0.72       0.39       0          22.12      10         34         0          0          0.1264     1.9080     45         61         66         73         79         84         101       
169        7000       7000       102.79     40.26      0.3917     20.83      0.18       0.19       0.22       0.71       0.40       0          22.11      11         35         0          0          0.1263     1.9064     44         61         67         73         79         84         101       
170        7000       7000       102.78     37.15      0.3614     20.98      0.20       0.19       0.22       0.71       0.37       0          22.03      10         35         0          0          0.1261     1.9060     44         61         66         73         79         84         102       
171        7000       7000       102.83     39.97      0.3888     20.88      0.19       0.19       0.22       0.73       0.38       0          22.08      11         35         0          0          0.1262     1.9086     44         61         66         73         79         84         103       
172        7000       7000       102.79     39.09      0.3803     21.03      0.20       0.19       0.22       0.71       0.38       0          22.11      11         38         0          0          0.1264     1.9078     44         61         66         73         79         84         106       
173        7000       7000       102.82     39.14      0.3807     20.86      0.20       0.19       0.22       0.72       0.38       0          22.13      10         38         0          0          0.1265     1.9079     44         61         66         73         79         84         102       
174        7000       7000       102.83     40.92      0.3980     20.99      0.20       0.19       0.22       0.69       0.40       0          22.18      10         38         0          0          0.1268     1.9083     47         61         66         73         79         84         100       
175        7000       7000       102.79     40.70      0.3960     20.98      0.19       0.19       0.22       0.72       0.40       0          22.18      10         37         0          0          0.1268     1.9076     43         62         66         73         79         84         99        
176        7000       7000       102.82     38.80      0.3774     20.91      0.19       0.19       0.22       0.71       0.40       0          22.17      11         36         0          0          0.1267     1.9074     44         61         67         73         78         84         99        
177        7000       7000       102.85     38.94      0.3786     21.19      0.20       0.19       0.22       0.71       0.37       0          22.14      10         36         0          0          0.1264     1.9072     45         61         66         73         79         84         98        
178        7000       7000       102.80     40.55      0.3945     21.03      0.19       0.19       0.22       0.73       0.39       0          22.10      10         37         0          0          0.1265     1.9087     44         61         67         72         79         85         100       
179        7000       7000       102.76     39.98      0.3890     21.18      0.18       0.20       0.22       0.73       0.40       0          22.11      10         37         0          0          0.1265     1.9071     45         61         67         73         78         84         102       
180        7000       7000       102.77     42.23      0.4109     21.15      0.18       0.20       0.22       0.72       0.41       0          22.19      11         36         0          0          0.1268     1.9100     47         61         66         72         79         85         102       
181        7000       7000       102.81     39.32      0.3824     21.35      0.18       0.20       0.22       0.73       0.39       0          22.12      10         36         0          0          0.1265     1.9081     46         61         67         72         79         84         103       
182        7000       7000       102.76     40.78      0.3968     21.18      0.18       0.20       0.22       0.72       0.38       0          22.13      10         36         0          0          0.1265     1.9091     44         61         66         72         79         85         103       
183        7000       7000       102.77     39.82      0.3875     21.48      0.21       0.20       0.22       0.72       0.40       0          22.12      10         37         0          0          0.1264     1.9070     41         62         67         72         79         85         104       
184        7000       7000       102.76     40.19      0.3911     21.33      0.19       0.20       0.22       0.73       0.40       0          22.16      10         37         0          0          0.1266     1.9077     43         61         67         72         79         84         105       
185        7000       7000       102.76     39.06      0.3801     21.33      0.19       0.20       0.22       0.70       0.39       0          22.13      10         35         0          0          0.1264     1.9071     44         62         67         72         78         84         106       
186        7000       7000       102.77     40.42      0.3933     21.33      0.19       0.20       0.22       0.72       0.38       0          22.11      10         35         0          0          0.1264     1.9069     44         62         67         72         79         84         106       
187        7000       7000       102.80     41.37      0.4024     21.17      0.20       0.20       0.22       0.73       0.40       0          22.15      9          34         0          0          0.1266     1.9097     44         61         67         72         79         85         104       
188        7000       7000       102.76     38.73      0.3769     21.29      0.18       0.19       0.22       0.71       0.39       0          22.15      9          35         0          0          0.1265     1.9073     44         61         67         72         79         84         104       
189        7000       7000       102.80     39.95      0.3886     21.28      0.19       0.20       0.22       0.72       0.39       0          22.12      9          36         0          0          0.1265     1.9085     44         61         67         72         79         85         105       
190        7000       7000       102.82     41.40      0.4027     21.42      0.21       0.20       0.22       0.72       0.40       0          22.14      9          37         0          0          0.1265     1.9104     42         61         67         72         79         84         108       
191        7000       7000       102.76     40.44      0.3935     21.48      0.21       0.20       0.22       0.71       0.41       0          22.19      10         36         0          0          0.1267     1.9095     44         61         67         72         79         85         109       
192        7000       7000       102.78     41.70      0.4058     21.63      0.21       0.20       0.22       0.71       0.41       0          22.20      10         37         0          0          0.1267     1.9075     45         62         67         72         78         84         109       
193        7000       7000       102.78     41.64      0.4051     21.40      0.20       0.20       0.22       0.72       0.40       0          22.21      12         38         0          0          0.1267     1.9069     48         61         67         72         79         84         106       
194        7000       7000       102.80     41.17      0.4005     21.48      0.19       0.20       0.22       0.73       0.40       0          22.20      10         38         0          0          0.1268     1.9078     48         61         67         72         79         84         104       
195        7000       7000       102.81     40.29      0.3919     21.55      0.20       0.20       0.22       0.72       0.40       0          22.19      10         37         0          0          0.1267     1.9069     47         61         67         72         79         84         103       
196        7000       7000       102.77     39.82      0.3874     21.52      0.19       0.20       0.22       0.71       0.40       0          22.26      9          37         0          0          0.1269     1.9089     44         61         67         72         79         84         103       
197        7000       7000       102.83     40.69      0.3957     21.48      0.20       0.20       0.22       0.72       0.40       0          22.18      9          37         0          0          0.1266     1.9074     42         61         66         72         79         84         102       
198        7000       7000       102.78     40.26      0.3917     21.48      0.19       0.21       0.22       0.72       0.40       0          22.17      9          38         0          0          0.1266     1.9080     43         61         67         73         79         84         100       
199        7000       7000       102.79     40.27      0.3918     21.57      0.20       0.20       0.22       0.72       0.39       0          22.20      10         39         0          0          0.1267     1.9067     44         61         67         72         79         84         99        
200        7000       7000       102.82     40.73      0.3961     21.61      0.20       0.21       0.22       0.72       0.39       0          22.20      10         38         0          0          0.1266     1.9078     45         61         67         72         79         84         100       
